Membership matrix:
Data[0]: 0.005478 0.003059 0.009203 0.978367 0.003893 
Data[1]: 0.005478 0.003059 0.009203 0.978367 0.003893 
Data[2]: 0.005478 0.003059 0.009203 0.978367 0.003893 
Data[3]: 0.005478 0.003059 0.009203 0.978367 0.003893 
Data[4]: 0.005478 0.003059 0.009203 0.978367 0.003893 
Data[5]: 0.005478 0.003059 0.009203 0.978367 0.003893 
Data[6]: 0.005478 0.003059 0.009203 0.978367 0.003893 
Data[7]: 0.005478 0.003059 0.009203 0.978367 0.003893 
Data[8]: 0.005478 0.003059 0.009203 0.978367 0.003893 
Data[9]: 0.005478 0.003059 0.009203 0.978367 0.003893 
Data[10]: 0.005478 0.003059 0.009203 0.978367 0.003893 
Data[11]: 0.005478 0.003059 0.009203 0.978367 0.003893 
Data[12]: 0.005478 0.003059 0.009203 0.978367 0.003893 
Data[13]: 0.005478 0.003059 0.009203 0.978367 0.003893 
Data[14]: 0.005478 0.003059 0.009203 0.978367 0.003893 
Data[15]: 0.005478 0.003059 0.009203 0.978367 0.003893 
Data[16]: 0.005478 0.003059 0.009203 0.978367 0.003893 
Data[17]: 0.005478 0.003059 0.009203 0.978367 0.003893 
Data[18]: 0.005478 0.003059 0.009203 0.978367 0.003893 
Data[19]: 0.005478 0.003059 0.009203 0.978367 0.003893 
Data[20]: 0.005478 0.003059 0.009203 0.978367 0.003893 
Data[21]: 0.005478 0.003059 0.009203 0.978367 0.003893 
Data[22]: 0.005478 0.003059 0.009203 0.978367 0.003893 
Data[23]: 0.005478 0.003059 0.009203 0.978367 0.003893 
Data[24]: 0.005478 0.003059 0.009203 0.978367 0.003893 
Data[25]: 0.005478 0.003059 0.009203 0.978367 0.003893 
Data[26]: 0.005478 0.003059 0.009203 0.978367 0.003893 
Data[27]: 0.005478 0.003059 0.009203 0.978367 0.003893 
Data[28]: 0.005478 0.003059 0.009203 0.978367 0.003893 
Data[29]: 0.005478 0.003059 0.009203 0.978367 0.003893 
Data[30]: 0.005478 0.003059 0.009203 0.978367 0.003893 
Data[31]: 0.005478 0.003059 0.009203 0.978367 0.003893 
Data[32]: 0.005478 0.003059 0.009203 0.978367 0.003893 
Data[33]: 0.005478 0.003059 0.009203 0.978367 0.003893 
Data[34]: 0.005478 0.003059 0.009203 0.978367 0.003893 
Data[35]: 0.005478 0.003059 0.009203 0.978367 0.003893 
Data[36]: 0.005478 0.003059 0.009203 0.978367 0.003893 
Data[37]: 0.005478 0.003059 0.009203 0.978367 0.003893 
Data[38]: 0.005478 0.003059 0.009203 0.978367 0.003893 
Data[39]: 0.005478 0.003059 0.009203 0.978367 0.003893 
Data[40]: 0.005478 0.003059 0.009203 0.978367 0.003893 
Data[41]: 0.005478 0.003059 0.009203 0.978367 0.003893 
Data[42]: 0.005478 0.003059 0.009203 0.978367 0.003893 
Data[43]: 0.005478 0.003059 0.009203 0.978367 0.003893 
Data[44]: 0.005478 0.003059 0.009203 0.978367 0.003893 
Data[45]: 0.005478 0.003059 0.009203 0.978367 0.003893 
Data[46]: 0.005478 0.003059 0.009203 0.978367 0.003893 
Data[47]: 0.005478 0.003059 0.009203 0.978367 0.003893 
Data[48]: 0.005478 0.003059 0.009203 0.978367 0.003893 
Data[49]: 0.005478 0.003059 0.009203 0.978367 0.003893 
Data[50]: 0.005478 0.003059 0.009203 0.978367 0.003893 
Data[51]: 0.005478 0.003059 0.009203 0.978367 0.003893 
Data[52]: 0.005478 0.003059 0.009203 0.978367 0.003893 
Data[53]: 0.005478 0.003059 0.009203 0.978367 0.003893 
Data[54]: 0.005478 0.003059 0.009203 0.978367 0.003893 
Data[55]: 0.005478 0.003059 0.009203 0.978367 0.003893 
Data[56]: 0.005478 0.003059 0.009203 0.978367 0.003893 
Data[57]: 0.005478 0.003059 0.009203 0.978367 0.003893 
Data[58]: 0.005478 0.003059 0.009203 0.978367 0.003893 
Data[59]: 0.005478 0.003059 0.009203 0.978367 0.003893 
Data[60]: 0.005478 0.003059 0.009203 0.978367 0.003893 
Data[61]: 0.005478 0.003059 0.009203 0.978367 0.003893 
Data[62]: 0.005478 0.003059 0.009203 0.978367 0.003893 
Data[63]: 0.005478 0.003059 0.009203 0.978367 0.003893 
Data[64]: 0.005478 0.003059 0.009203 0.978367 0.003893 
Data[65]: 0.005478 0.003059 0.009203 0.978367 0.003893 
Data[66]: 0.005478 0.003059 0.009203 0.978367 0.003893 
Data[67]: 0.005478 0.003059 0.009203 0.978367 0.003893 
Data[68]: 0.005478 0.003059 0.009203 0.978367 0.003893 
Data[69]: 0.005478 0.003059 0.009203 0.978367 0.003893 
Data[70]: 0.005478 0.003059 0.009203 0.978367 0.003893 
Data[71]: 0.005478 0.003059 0.009203 0.978367 0.003893 
Data[72]: 0.005478 0.003059 0.009203 0.978367 0.003893 
Data[73]: 0.005478 0.003059 0.009203 0.978367 0.003893 
Data[74]: 0.005478 0.003059 0.009203 0.978367 0.003893 
Data[75]: 0.005478 0.003059 0.009203 0.978367 0.003893 
Data[76]: 0.005478 0.003059 0.009203 0.978367 0.003893 
Data[77]: 0.005478 0.003059 0.009203 0.978367 0.003893 
Data[78]: 0.005478 0.003059 0.009203 0.978367 0.003893 
Data[79]: 0.005478 0.003059 0.009203 0.978367 0.003893 
Data[80]: 0.005478 0.003059 0.009203 0.978367 0.003893 
Data[81]: 0.016821 0.009325 0.028590 0.933368 0.011896 
Data[82]: 0.016821 0.009325 0.028590 0.933368 0.011896 
Data[83]: 0.016821 0.009325 0.028590 0.933368 0.011896 
Data[84]: 0.016821 0.009325 0.028590 0.933368 0.011896 
Data[85]: 0.016821 0.009325 0.028590 0.933368 0.011896 
Data[86]: 0.016821 0.009325 0.028590 0.933368 0.011896 
Data[87]: 0.016821 0.009325 0.028590 0.933368 0.011896 
Data[88]: 0.016821 0.009325 0.028590 0.933368 0.011896 
Data[89]: 0.016821 0.009325 0.028590 0.933368 0.011896 
Data[90]: 0.016821 0.009325 0.028590 0.933368 0.011896 
Data[91]: 0.016821 0.009325 0.028590 0.933368 0.011896 
Data[92]: 0.016821 0.009325 0.028590 0.933368 0.011896 
Data[93]: 0.016821 0.009325 0.028590 0.933368 0.011896 
Data[94]: 0.016821 0.009325 0.028590 0.933368 0.011896 
Data[95]: 0.016821 0.009325 0.028590 0.933368 0.011896 
Data[96]: 0.016821 0.009325 0.028590 0.933368 0.011896 
Data[97]: 0.016821 0.009325 0.028590 0.933368 0.011896 
Data[98]: 0.016821 0.009325 0.028590 0.933368 0.011896 
Data[99]: 0.016821 0.009325 0.028590 0.933368 0.011896 
Data[100]: 0.016821 0.009325 0.028590 0.933368 0.011896 
Data[101]: 0.016821 0.009325 0.028590 0.933368 0.011896 
Data[102]: 0.016821 0.009325 0.028590 0.933368 0.011896 
Data[103]: 0.016821 0.009325 0.028590 0.933368 0.011896 
Data[104]: 0.016821 0.009325 0.028590 0.933368 0.011896 
Data[105]: 0.016821 0.009325 0.028590 0.933368 0.011896 
Data[106]: 0.016821 0.009325 0.028590 0.933368 0.011896 
Data[107]: 0.016821 0.009325 0.028590 0.933368 0.011896 
Data[108]: 0.016821 0.009325 0.028590 0.933368 0.011896 
Data[109]: 0.005478 0.003059 0.009203 0.978367 0.003893 
Data[110]: 0.005478 0.003059 0.009203 0.978367 0.003893 
Data[111]: 0.005478 0.003059 0.009203 0.978367 0.003893 
Data[112]: 0.005478 0.003059 0.009203 0.978367 0.003893 
Data[113]: 0.005478 0.003059 0.009203 0.978367 0.003893 
Data[114]: 0.005478 0.003059 0.009203 0.978367 0.003893 
Data[115]: 0.005478 0.003059 0.009203 0.978367 0.003893 
Data[116]: 0.005478 0.003059 0.009203 0.978367 0.003893 
Data[117]: 0.005478 0.003059 0.009203 0.978367 0.003893 
Data[118]: 0.005478 0.003059 0.009203 0.978367 0.003893 
Data[119]: 0.005478 0.003059 0.009203 0.978367 0.003893 
Data[120]: 0.005478 0.003059 0.009203 0.978367 0.003893 
Data[121]: 0.005478 0.003059 0.009203 0.978367 0.003893 
Data[122]: 0.005478 0.003059 0.009203 0.978367 0.003893 
Data[123]: 0.005478 0.003059 0.009203 0.978367 0.003893 
Data[124]: 0.005478 0.003059 0.009203 0.978367 0.003893 
Data[125]: 0.005478 0.003059 0.009203 0.978367 0.003893 
Data[126]: 0.005478 0.003059 0.009203 0.978367 0.003893 
Data[127]: 0.005478 0.003059 0.009203 0.978367 0.003893 
Data[128]: 0.005478 0.003059 0.009203 0.978367 0.003893 
Data[129]: 0.005478 0.003059 0.009203 0.978367 0.003893 
Data[130]: 0.005478 0.003059 0.009203 0.978367 0.003893 
Data[131]: 0.005478 0.003059 0.009203 0.978367 0.003893 
Data[132]: 0.005478 0.003059 0.009203 0.978367 0.003893 
Data[133]: 0.005478 0.003059 0.009203 0.978367 0.003893 
Data[134]: 0.205007 0.227541 0.187076 0.160490 0.219886 
Data[135]: 0.151409 0.065602 0.458485 0.234040 0.090464 
Data[136]: 0.151205 0.065333 0.462433 0.230863 0.090165 
Data[137]: 0.150974 0.065053 0.466426 0.227697 0.089850 
Data[138]: 0.150717 0.064761 0.470464 0.224540 0.089519 
Data[139]: 0.150432 0.064456 0.474550 0.221392 0.089170 
Data[140]: 0.150118 0.064140 0.478684 0.218253 0.088805 
Data[141]: 0.149776 0.063812 0.482868 0.215121 0.088422 
Data[142]: 0.149405 0.063471 0.487104 0.211998 0.088022 
Data[143]: 0.149003 0.063117 0.491394 0.208881 0.087604 
Data[144]: 0.148571 0.062750 0.495740 0.205771 0.087168 
Data[145]: 0.148106 0.062371 0.500142 0.202667 0.086713 
Data[146]: 0.147610 0.061978 0.504604 0.199569 0.086239 
Data[147]: 0.147080 0.061572 0.509128 0.196475 0.085746 
Data[148]: 0.146515 0.061152 0.513714 0.193386 0.085233 
Data[149]: 0.145916 0.060717 0.518366 0.190300 0.084700 
Data[150]: 0.145280 0.060269 0.523086 0.187217 0.084147 
Data[151]: 0.144608 0.059806 0.527876 0.184137 0.083573 
Data[152]: 0.143897 0.059329 0.532739 0.181059 0.082977 
Data[153]: 0.143147 0.058836 0.537676 0.177982 0.082359 
Data[154]: 0.142357 0.058328 0.542691 0.174906 0.081719 
Data[155]: 0.141525 0.057804 0.547786 0.171829 0.081057 
Data[156]: 0.140650 0.057264 0.552964 0.168752 0.080370 
Data[157]: 0.139731 0.056707 0.558228 0.165673 0.079660 
Data[158]: 0.138767 0.056134 0.563581 0.162592 0.078925 
Data[159]: 0.137756 0.055544 0.569027 0.159508 0.078165 
Data[160]: 0.136696 0.054935 0.574569 0.156420 0.077379 
Data[161]: 0.135586 0.054309 0.580209 0.153328 0.076567 
Data[162]: 0.134425 0.053665 0.585953 0.150230 0.075727 
Data[163]: 0.133210 0.053001 0.591803 0.147126 0.074860 
Data[164]: 0.131940 0.052318 0.597763 0.144015 0.073963 
Data[165]: 0.130613 0.051615 0.603839 0.140895 0.073037 
Data[166]: 0.129227 0.050892 0.610033 0.137767 0.072081 
Data[167]: 0.127779 0.050148 0.616352 0.134629 0.071093 
Data[168]: 0.126268 0.049381 0.622799 0.131479 0.070073 
Data[169]: 0.124690 0.048593 0.629379 0.128318 0.069020 
Data[170]: 0.123045 0.047782 0.636099 0.125143 0.067932 
Data[171]: 0.121329 0.046946 0.642963 0.121953 0.066808 
Data[172]: 0.119539 0.046087 0.649978 0.118748 0.065649 
Data[173]: 0.117672 0.045202 0.657148 0.115526 0.064451 
Data[174]: 0.115726 0.044292 0.664482 0.112286 0.063214 
Data[175]: 0.113697 0.043354 0.671986 0.109026 0.061937 
Data[176]: 0.111581 0.042389 0.679667 0.105745 0.060618 
Data[177]: 0.109376 0.041395 0.687532 0.102442 0.059255 
Data[178]: 0.107077 0.040372 0.695590 0.099114 0.057847 
Data[179]: 0.104681 0.039317 0.703849 0.095760 0.056393 
Data[180]: 0.102182 0.038231 0.712318 0.092378 0.054890 
Data[181]: 0.099578 0.037111 0.721007 0.088967 0.053337 
Data[182]: 0.096861 0.035958 0.729925 0.085524 0.051731 
Data[183]: 0.094029 0.034768 0.739084 0.082048 0.050071 
Data[184]: 0.091075 0.033541 0.748494 0.078536 0.048354 
Data[185]: 0.087993 0.032276 0.758168 0.074985 0.046578 
Data[186]: 0.084777 0.030970 0.768118 0.071394 0.044741 
Data[187]: 0.081421 0.029622 0.778358 0.067759 0.042839 
Data[188]: 0.077918 0.028231 0.788903 0.064079 0.040869 
Data[189]: 0.074261 0.026794 0.799767 0.060349 0.038830 
Data[190]: 0.070440 0.025308 0.810969 0.056567 0.036716 
Data[191]: 0.066449 0.023773 0.822524 0.052729 0.034526 
Data[192]: 0.062277 0.022185 0.834451 0.048832 0.032254 
Data[193]: 0.057915 0.020542 0.846773 0.044872 0.029898 
Data[194]: 0.053352 0.018841 0.859509 0.040845 0.027453 
Data[195]: 0.048578 0.017080 0.872683 0.036747 0.024913 
Data[196]: 0.043579 0.015254 0.886319 0.032572 0.022275 
Data[197]: 0.038344 0.013361 0.900446 0.028316 0.019533 
Data[198]: 0.032857 0.011397 0.915092 0.023973 0.016680 
Data[199]: 0.027103 0.009359 0.930287 0.019538 0.013712 
Data[200]: 0.021068 0.007241 0.946065 0.015005 0.010622 
Data[201]: 0.014733 0.005040 0.962458 0.010367 0.007402 
Data[202]: 0.008086 0.002753 0.979491 0.005621 0.004048 
Data[203]: 0.001270 0.000430 0.996793 0.000872 0.000634 
Data[204]: 0.006160 0.002077 0.984523 0.004179 0.003061 
Data[205]: 0.013166 0.004419 0.967073 0.008823 0.006519 
Data[206]: 0.020043 0.006694 0.950107 0.013268 0.009888 
Data[207]: 0.026788 0.008903 0.933627 0.017516 0.013165 
Data[208]: 0.033405 0.011047 0.917617 0.021576 0.016355 
Data[209]: 0.039901 0.013128 0.902055 0.025455 0.019461 
Data[210]: 0.046282 0.015150 0.886922 0.029162 0.022485 
Data[211]: 0.052553 0.017115 0.872197 0.032704 0.025431 
Data[212]: 0.058720 0.019024 0.857864 0.036089 0.028303 
Data[213]: 0.064789 0.020881 0.843904 0.039325 0.031102 
Data[214]: 0.070765 0.022686 0.830301 0.042416 0.033833 
Data[215]: 0.076651 0.024441 0.817040 0.045371 0.036496 
Data[216]: 0.082454 0.026150 0.804107 0.048194 0.039096 
Data[217]: 0.088177 0.027812 0.791487 0.050890 0.041634 
Data[218]: 0.093825 0.029430 0.779168 0.053466 0.044111 
Data[219]: 0.099401 0.031005 0.767137 0.055926 0.046531 
Data[220]: 0.104909 0.032539 0.755382 0.058275 0.048895 
Data[221]: 0.110352 0.034032 0.743894 0.060516 0.051205 
Data[222]: 0.115735 0.035486 0.732660 0.062655 0.053463 
Data[223]: 0.121060 0.036903 0.721672 0.064696 0.055670 
Data[224]: 0.126330 0.038282 0.710920 0.066641 0.057827 
Data[225]: 0.131549 0.039626 0.700394 0.068495 0.059937 
Data[226]: 0.136718 0.040936 0.690086 0.070260 0.061999 
Data[227]: 0.141842 0.042211 0.679988 0.071941 0.064017 
Data[228]: 0.146923 0.043454 0.670093 0.073540 0.065990 
Data[229]: 0.151962 0.044664 0.660392 0.075060 0.067921 
Data[230]: 0.156963 0.045844 0.650880 0.076504 0.069810 
Data[231]: 0.161928 0.046992 0.641548 0.077874 0.071657 
Data[232]: 0.166859 0.048111 0.632391 0.079174 0.073465 
Data[233]: 0.171759 0.049201 0.623402 0.080405 0.075233 
Data[234]: 0.176629 0.050262 0.614576 0.081569 0.076964 
Data[235]: 0.181472 0.051295 0.605907 0.082669 0.078657 
Data[236]: 0.186289 0.052300 0.597390 0.083708 0.080313 
Data[237]: 0.191083 0.053279 0.589019 0.084686 0.081933 
Data[238]: 0.195856 0.054231 0.580789 0.085606 0.083518 
Data[239]: 0.200609 0.055158 0.572696 0.086469 0.085068 
Data[240]: 0.205344 0.056059 0.564736 0.087278 0.086584 
Data[241]: 0.210063 0.056934 0.556903 0.088033 0.088066 
Data[242]: 0.214768 0.057786 0.549194 0.088738 0.089515 
Data[243]: 0.219460 0.058612 0.541604 0.089392 0.090932 
Data[244]: 0.224141 0.059415 0.534130 0.089998 0.092316 
Data[245]: 0.228812 0.060195 0.526768 0.090557 0.093668 
Data[246]: 0.233476 0.060951 0.519515 0.091069 0.094989 
Data[247]: 0.238134 0.061683 0.512366 0.091538 0.096279 
Data[248]: 0.242787 0.062394 0.505319 0.091963 0.097538 
Data[249]: 0.247438 0.063081 0.498370 0.092346 0.098766 
Data[250]: 0.252086 0.063746 0.491516 0.092687 0.099964 
Data[251]: 0.256735 0.064389 0.484754 0.092989 0.101132 
Data[252]: 0.261385 0.065011 0.478082 0.093252 0.102270 
Data[253]: 0.266038 0.065610 0.471496 0.093477 0.103379 
Data[254]: 0.270696 0.066188 0.464994 0.093664 0.104458 
Data[255]: 0.275360 0.066744 0.458573 0.093816 0.105507 
Data[256]: 0.280031 0.067279 0.452231 0.093932 0.106527 
Data[257]: 0.284711 0.067793 0.445964 0.094013 0.107518 
Data[258]: 0.289402 0.068286 0.439772 0.094061 0.108479 
Data[259]: 0.294104 0.068758 0.433651 0.094076 0.109411 
Data[260]: 0.298820 0.069208 0.427598 0.094059 0.110314 
Data[261]: 0.303551 0.069638 0.421613 0.094010 0.111188 
Data[262]: 0.308298 0.070047 0.415693 0.093930 0.112032 
Data[263]: 0.313064 0.070435 0.409835 0.093820 0.112847 
Data[264]: 0.317848 0.070802 0.404038 0.093680 0.113632 
Data[265]: 0.322654 0.071148 0.398300 0.093510 0.114387 
Data[266]: 0.327483 0.071474 0.392618 0.093313 0.115113 
Data[267]: 0.332335 0.071778 0.386991 0.093087 0.115809 
Data[268]: 0.337213 0.072062 0.381418 0.092833 0.116474 
Data[269]: 0.342119 0.072324 0.375895 0.092552 0.117109 
Data[270]: 0.347054 0.072565 0.370422 0.092245 0.117713 
Data[271]: 0.352020 0.072785 0.364997 0.091911 0.118287 
Data[272]: 0.357018 0.072984 0.359618 0.091552 0.118829 
Data[273]: 0.362050 0.073161 0.354283 0.091166 0.119339 
Data[274]: 0.367119 0.073317 0.348992 0.090756 0.119817 
Data[275]: 0.372225 0.073451 0.343741 0.090321 0.120263 
Data[276]: 0.377371 0.073563 0.338530 0.089861 0.120675 
Data[277]: 0.382559 0.073653 0.333357 0.089377 0.121055 
Data[278]: 0.387790 0.073720 0.328221 0.088869 0.121400 
Data[279]: 0.393067 0.073766 0.323119 0.088337 0.121711 
Data[280]: 0.398392 0.073788 0.318051 0.087781 0.121988 
Data[281]: 0.403767 0.073787 0.313016 0.087202 0.122228 
Data[282]: 0.409193 0.073763 0.308010 0.086600 0.122433 
Data[283]: 0.414674 0.073716 0.303034 0.085975 0.122601 
Data[284]: 0.420212 0.073644 0.298086 0.085327 0.122731 
Data[285]: 0.425808 0.073549 0.293164 0.084656 0.122822 
Data[286]: 0.431467 0.073429 0.288267 0.083963 0.122875 
Data[287]: 0.437189 0.073284 0.283393 0.083247 0.122888 
Data[288]: 0.442978 0.073114 0.278541 0.082509 0.122859 
Data[289]: 0.448836 0.072918 0.273709 0.081748 0.122789 
Data[290]: 0.454767 0.072696 0.268897 0.080964 0.122677 
Data[291]: 0.460773 0.072447 0.264102 0.080158 0.122520 
Data[292]: 0.466857 0.072171 0.259324 0.079330 0.122318 
Data[293]: 0.473023 0.071868 0.254560 0.078479 0.122071 
Data[294]: 0.479273 0.071537 0.249810 0.077605 0.121776 
Data[295]: 0.485612 0.071176 0.245071 0.076709 0.121432 
Data[296]: 0.492042 0.070787 0.240343 0.075789 0.121039 
Data[297]: 0.498568 0.070367 0.235623 0.074847 0.120594 
Data[298]: 0.505193 0.069917 0.230911 0.073882 0.120097 
Data[299]: 0.511921 0.069436 0.226205 0.072893 0.119545 
Data[300]: 0.518757 0.068923 0.221503 0.071881 0.118937 
Data[301]: 0.525704 0.068377 0.216803 0.070845 0.118271 
Data[302]: 0.532769 0.067797 0.212104 0.069785 0.117545 
Data[303]: 0.539954 0.067183 0.207405 0.068700 0.116758 
Data[304]: 0.547266 0.066533 0.202703 0.067591 0.115907 
Data[305]: 0.554709 0.065847 0.197996 0.066457 0.114991 
Data[306]: 0.562290 0.065123 0.193284 0.065297 0.114006 
Data[307]: 0.570013 0.064361 0.188564 0.064111 0.112951 
Data[308]: 0.577885 0.063560 0.183833 0.062899 0.111823 
Data[309]: 0.585913 0.062718 0.179091 0.061659 0.110619 
Data[310]: 0.594103 0.061833 0.174335 0.060392 0.109337 
Data[311]: 0.602461 0.060906 0.169563 0.059097 0.107973 
Data[312]: 0.610997 0.059934 0.164772 0.057774 0.106524 
Data[313]: 0.619716 0.058915 0.159961 0.056420 0.104987 
Data[314]: 0.628629 0.057849 0.155127 0.055037 0.103359 
Data[315]: 0.637742 0.056733 0.150268 0.053622 0.101635 
Data[316]: 0.647067 0.055566 0.145380 0.052175 0.099812 
Data[317]: 0.656612 0.054346 0.140462 0.050695 0.097885 
Data[318]: 0.666387 0.053071 0.135510 0.049182 0.095850 
Data[319]: 0.676404 0.051738 0.130522 0.047633 0.093703 
Data[320]: 0.686674 0.050347 0.125493 0.046049 0.091437 
Data[321]: 0.697210 0.048894 0.120422 0.044426 0.089048 
Data[322]: 0.708025 0.047376 0.115304 0.042765 0.086530 
Data[323]: 0.719132 0.045792 0.110136 0.041064 0.083876 
Data[324]: 0.730547 0.044137 0.104913 0.039321 0.081081 
Data[325]: 0.742286 0.042410 0.099633 0.037534 0.078137 
Data[326]: 0.754364 0.040607 0.094290 0.035703 0.075036 
Data[327]: 0.766801 0.038724 0.088880 0.033824 0.071772 
Data[328]: 0.779615 0.036758 0.083397 0.031896 0.068334 
Data[329]: 0.792827 0.034705 0.077837 0.029916 0.064714 
Data[330]: 0.806460 0.032561 0.072195 0.027883 0.060902 
Data[331]: 0.820537 0.030320 0.066463 0.025793 0.056887 
Data[332]: 0.835084 0.027978 0.060636 0.023644 0.052658 
Data[333]: 0.850128 0.025529 0.054707 0.021433 0.048203 
Data[334]: 0.865698 0.022969 0.048669 0.019156 0.043508 
Data[335]: 0.881827 0.020290 0.042513 0.016811 0.038559 
Data[336]: 0.898549 0.017487 0.036232 0.014392 0.033340 
Data[337]: 0.915900 0.014551 0.029816 0.011897 0.027836 
Data[338]: 0.933917 0.011477 0.023257 0.009321 0.022028 
Data[339]: 0.952640 0.008255 0.016545 0.006661 0.015899 
Data[340]: 0.972090 0.004883 0.009679 0.003914 0.009436 
Data[341]: 0.992003 0.001404 0.002753 0.001118 0.002723 
Data[342]: 0.986271 0.002419 0.004690 0.001913 0.004707 
Data[343]: 0.966358 0.005947 0.011408 0.004673 0.011614 
Data[344]: 0.947085 0.009386 0.017809 0.007325 0.018394 
Data[345]: 0.928524 0.012720 0.023876 0.009861 0.025019 
Data[346]: 0.910646 0.015953 0.029623 0.012286 0.031492 
Data[347]: 0.893414 0.019090 0.035069 0.014603 0.037824 
Data[348]: 0.876792 0.022135 0.040230 0.016821 0.044022 
Data[349]: 0.860744 0.025094 0.045123 0.018942 0.050096 
Data[350]: 0.845240 0.027971 0.049764 0.020973 0.056053 
Data[351]: 0.830247 0.030770 0.054165 0.022917 0.061901 
Data[352]: 0.815738 0.033495 0.058340 0.024780 0.067646 
Data[353]: 0.801687 0.036150 0.062302 0.026565 0.073296 
Data[354]: 0.788069 0.038737 0.066062 0.028275 0.078857 
Data[355]: 0.774862 0.041260 0.069629 0.029915 0.084334 
Data[356]: 0.762045 0.043721 0.073015 0.031487 0.089732 
Data[357]: 0.749597 0.046124 0.076227 0.032994 0.095057 
Data[358]: 0.737501 0.048471 0.079275 0.034440 0.100314 
Data[359]: 0.725738 0.050764 0.082167 0.035826 0.105506 
Data[360]: 0.714293 0.053005 0.084909 0.037155 0.110639 
Data[361]: 0.703150 0.055196 0.087509 0.038430 0.115715 
Data[362]: 0.692296 0.057339 0.089974 0.039652 0.120739 
Data[363]: 0.681716 0.059436 0.092309 0.040824 0.125715 
Data[364]: 0.671398 0.061488 0.094521 0.041948 0.130645 
Data[365]: 0.661330 0.063498 0.096614 0.043025 0.135533 
Data[366]: 0.651502 0.065465 0.098594 0.044057 0.140382 
Data[367]: 0.641901 0.067392 0.100466 0.045045 0.145195 
Data[368]: 0.632519 0.069280 0.102234 0.045992 0.149975 
Data[369]: 0.623346 0.071131 0.103902 0.046898 0.154724 
Data[370]: 0.614373 0.072944 0.105475 0.047765 0.159444 
Data[371]: 0.605592 0.074721 0.106956 0.048594 0.164139 
Data[372]: 0.596994 0.076463 0.108348 0.049386 0.168810 
Data[373]: 0.588571 0.078171 0.109656 0.050143 0.173459 
Data[374]: 0.580318 0.079845 0.110882 0.050865 0.178090 
Data[375]: 0.572227 0.081487 0.112029 0.051554 0.182704 
Data[376]: 0.564290 0.083097 0.113101 0.052210 0.187302 
Data[377]: 0.556503 0.084675 0.114100 0.052834 0.191887 
Data[378]: 0.548859 0.086223 0.115028 0.053428 0.196462 
Data[379]: 0.541353 0.087741 0.115888 0.053992 0.201026 
Data[380]: 0.533979 0.089229 0.116682 0.054527 0.205583 
Data[381]: 0.526732 0.090688 0.117413 0.055033 0.210134 
Data[382]: 0.519607 0.092118 0.118083 0.055512 0.214681 
Data[383]: 0.512600 0.093519 0.118693 0.055964 0.219224 
Data[384]: 0.505706 0.094892 0.119245 0.056389 0.223767 
Data[385]: 0.498921 0.096238 0.119742 0.056788 0.228311 
Data[386]: 0.492241 0.097556 0.120184 0.057163 0.232856 
Data[387]: 0.485661 0.098847 0.120574 0.057512 0.237405 
Data[388]: 0.479179 0.100111 0.120914 0.057838 0.241959 
Data[389]: 0.472790 0.101347 0.121203 0.058140 0.246520 
Data[390]: 0.466491 0.102557 0.121445 0.058418 0.251088 
Data[391]: 0.460279 0.103740 0.121640 0.058674 0.255667 
Data[392]: 0.454150 0.104897 0.121790 0.058908 0.260255 
Data[393]: 0.448101 0.106027 0.121895 0.059119 0.264857 
Data[394]: 0.442131 0.107131 0.121957 0.059310 0.269471 
Data[395]: 0.436234 0.108208 0.121977 0.059479 0.274101 
Data[396]: 0.430410 0.109259 0.121956 0.059627 0.278748 
Data[397]: 0.424654 0.110283 0.121896 0.059755 0.283412 
Data[398]: 0.418966 0.111280 0.121796 0.059862 0.288096 
Data[399]: 0.413341 0.112251 0.121657 0.059950 0.292801 
Data[400]: 0.407778 0.113194 0.121482 0.060018 0.297527 
Data[401]: 0.402275 0.114111 0.121270 0.060067 0.302277 
Data[402]: 0.396829 0.115000 0.121022 0.060097 0.307052 
Data[403]: 0.391437 0.115862 0.120739 0.060108 0.311854 
Data[404]: 0.386099 0.116696 0.120422 0.060100 0.316683 
Data[405]: 0.380811 0.117502 0.120071 0.060074 0.321542 
Data[406]: 0.375572 0.118280 0.119687 0.060030 0.326432 
Data[407]: 0.370380 0.119029 0.119270 0.059967 0.331354 
Data[408]: 0.365233 0.119749 0.118821 0.059887 0.336310 
Data[409]: 0.360129 0.120440 0.118341 0.059789 0.341302 
Data[410]: 0.355066 0.121101 0.117830 0.059674 0.346330 
Data[411]: 0.350043 0.121731 0.117288 0.059541 0.351398 
Data[412]: 0.345057 0.122331 0.116716 0.059390 0.356505 
Data[413]: 0.340108 0.122900 0.116114 0.059223 0.361655 
Data[414]: 0.335193 0.123437 0.115483 0.059038 0.366848 
Data[415]: 0.330311 0.123942 0.114823 0.058836 0.372087 
Data[416]: 0.325460 0.124414 0.114135 0.058618 0.377373 
Data[417]: 0.320639 0.124853 0.113417 0.058382 0.382709 
Data[418]: 0.315846 0.125257 0.112672 0.058130 0.388095 
Data[419]: 0.311080 0.125626 0.111899 0.057861 0.393534 
Data[420]: 0.306338 0.125960 0.111098 0.057575 0.399029 
Data[421]: 0.301621 0.126257 0.110269 0.057272 0.404580 
Data[422]: 0.296925 0.126517 0.109413 0.056953 0.410191 
Data[423]: 0.292251 0.126739 0.108530 0.056616 0.415863 
Data[424]: 0.287595 0.126922 0.107620 0.056263 0.421599 
Data[425]: 0.282958 0.127065 0.106683 0.055894 0.427401 
Data[426]: 0.278336 0.127167 0.105719 0.055507 0.433271 
Data[427]: 0.273730 0.127227 0.104727 0.055104 0.439212 
Data[428]: 0.269138 0.127243 0.103709 0.054683 0.445227 
Data[429]: 0.264557 0.127215 0.102664 0.054246 0.451317 
Data[430]: 0.259988 0.127142 0.101592 0.053791 0.457487 
Data[431]: 0.255428 0.127022 0.100493 0.053319 0.463738 
Data[432]: 0.250875 0.126853 0.099367 0.052830 0.470074 
Data[433]: 0.246329 0.126635 0.098214 0.052324 0.476498 
Data[434]: 0.241788 0.126366 0.097033 0.051800 0.483013 
Data[435]: 0.237251 0.126044 0.095825 0.051258 0.489622 
Data[436]: 0.232716 0.125668 0.094589 0.050698 0.496329 
Data[437]: 0.228182 0.125236 0.093325 0.050120 0.503138 
Data[438]: 0.223646 0.124746 0.092033 0.049523 0.510052 
Data[439]: 0.219108 0.124196 0.090712 0.048909 0.517075 
Data[440]: 0.214566 0.123584 0.089363 0.048275 0.524211 
Data[441]: 0.210019 0.122909 0.087984 0.047622 0.531466 
Data[442]: 0.205464 0.122168 0.086576 0.046950 0.538842 
Data[443]: 0.200901 0.121358 0.085138 0.046258 0.546345 
Data[444]: 0.196327 0.120478 0.083669 0.045547 0.553980 
Data[445]: 0.191740 0.119524 0.082169 0.044815 0.561751 
Data[446]: 0.187140 0.118495 0.080638 0.044062 0.569666 
Data[447]: 0.182523 0.117386 0.079075 0.043288 0.577727 
Data[448]: 0.177889 0.116196 0.077479 0.042493 0.585943 
Data[449]: 0.173234 0.114921 0.075849 0.041676 0.594319 
Data[450]: 0.168558 0.113557 0.074186 0.040837 0.602862 
Data[451]: 0.163858 0.112102 0.072487 0.039974 0.611579 
Data[452]: 0.159132 0.110551 0.070753 0.039088 0.620476 
Data[453]: 0.154377 0.108901 0.068982 0.038178 0.629562 
Data[454]: 0.149591 0.107147 0.067173 0.037244 0.638844 
Data[455]: 0.144772 0.105286 0.065326 0.036284 0.648332 
Data[456]: 0.139917 0.103311 0.063439 0.035298 0.658034 
Data[457]: 0.135024 0.101220 0.061511 0.034285 0.667960 
Data[458]: 0.130089 0.099006 0.059541 0.033244 0.678120 
Data[459]: 0.125110 0.096663 0.057527 0.032176 0.688524 
Data[460]: 0.120083 0.094187 0.055468 0.031077 0.699184 
Data[461]: 0.115006 0.091570 0.053363 0.029949 0.710112 
Data[462]: 0.109874 0.088806 0.051210 0.028789 0.721321 
Data[463]: 0.104685 0.085888 0.049006 0.027597 0.732824 
Data[464]: 0.099434 0.082809 0.046750 0.026371 0.744636 
Data[465]: 0.094117 0.079561 0.044441 0.025110 0.756772 
Data[466]: 0.088730 0.076134 0.042076 0.023813 0.769248 
Data[467]: 0.083268 0.072520 0.039652 0.022478 0.782083 
Data[468]: 0.077727 0.068709 0.037167 0.021104 0.795294 
Data[469]: 0.072101 0.064691 0.034618 0.019689 0.808902 
Data[470]: 0.066385 0.060454 0.032003 0.018231 0.822928 
Data[471]: 0.060573 0.055986 0.029318 0.016728 0.837395 
Data[472]: 0.054658 0.051274 0.026560 0.015179 0.852328 
Data[473]: 0.048635 0.046305 0.023726 0.013581 0.867754 
Data[474]: 0.042495 0.041064 0.020811 0.011931 0.883699 
Data[475]: 0.036231 0.035534 0.017812 0.010227 0.900196 
Data[476]: 0.029836 0.029699 0.014723 0.008467 0.917274 
Data[477]: 0.023301 0.023541 0.011542 0.006648 0.934968 
Data[478]: 0.016621 0.017042 0.008263 0.004767 0.953307 
Data[479]: 0.009796 0.010194 0.004888 0.002824 0.972298 
Data[480]: 0.002954 0.003120 0.001479 0.000856 0.991592 
Data[481]: 0.004569 0.004898 0.002296 0.001331 0.986906 
Data[482]: 0.011232 0.012221 0.005665 0.003288 0.967595 
Data[483]: 0.017613 0.019450 0.008914 0.005182 0.948842 
Data[484]: 0.023671 0.026532 0.012023 0.006999 0.930776 
Data[485]: 0.029420 0.033469 0.014994 0.008742 0.913375 
Data[486]: 0.034876 0.040271 0.017835 0.010413 0.896606 
Data[487]: 0.040054 0.046945 0.020552 0.012017 0.880432 
Data[488]: 0.044971 0.053500 0.023151 0.013557 0.864820 
Data[489]: 0.049642 0.059945 0.025640 0.015036 0.849737 
Data[490]: 0.054079 0.066288 0.028023 0.016457 0.835153 
Data[491]: 0.058295 0.072536 0.030306 0.017824 0.821040 
Data[492]: 0.062303 0.078695 0.032493 0.019137 0.807372 
Data[493]: 0.066113 0.084772 0.034589 0.020401 0.794125 
Data[494]: 0.069735 0.090774 0.036598 0.021616 0.781277 
Data[495]: 0.073179 0.096705 0.038525 0.022786 0.768806 
Data[496]: 0.076453 0.102571 0.040372 0.023912 0.756692 
Data[497]: 0.079565 0.108378 0.042143 0.024996 0.744918 
Data[498]: 0.082524 0.114129 0.043842 0.026039 0.733466 
Data[499]: 0.085336 0.119829 0.045471 0.027044 0.722319 
Data[500]: 0.088008 0.125483 0.047034 0.028011 0.711464 
Data[501]: 0.090547 0.131094 0.048532 0.028943 0.700884 
Data[502]: 0.092957 0.136667 0.049968 0.029840 0.690568 
Data[503]: 0.095245 0.142204 0.051345 0.030703 0.680503 
Data[504]: 0.097416 0.147709 0.052664 0.031534 0.670676 
Data[505]: 0.099475 0.153186 0.053929 0.032334 0.661076 
Data[506]: 0.101425 0.158637 0.055139 0.033104 0.651694 
Data[507]: 0.103273 0.164066 0.056299 0.033845 0.642518 
Data[508]: 0.105020 0.169475 0.057408 0.034557 0.633540 
Data[509]: 0.106672 0.174867 0.058469 0.035241 0.624751 
Data[510]: 0.108232 0.180244 0.059483 0.035899 0.616142 
Data[511]: 0.109702 0.185610 0.060452 0.036531 0.607705 
Data[512]: 0.111088 0.190966 0.061377 0.037137 0.599432 
Data[513]: 0.112390 0.196315 0.062259 0.037719 0.591317 
Data[514]: 0.113613 0.201659 0.063099 0.038277 0.583352 
Data[515]: 0.114759 0.207001 0.063899 0.038811 0.575530 
Data[516]: 0.115830 0.212341 0.064660 0.039322 0.567847 
Data[517]: 0.116828 0.217684 0.065382 0.039811 0.560295 
Data[518]: 0.117757 0.223029 0.066066 0.040278 0.552869 
Data[519]: 0.118618 0.228381 0.066714 0.040723 0.545564 
Data[520]: 0.119413 0.233739 0.067326 0.041147 0.538374 
Data[521]: 0.120144 0.239107 0.067903 0.041551 0.531295 
Data[522]: 0.120814 0.244485 0.068446 0.041934 0.524321 
Data[523]: 0.121422 0.249876 0.068956 0.042298 0.517448 
Data[524]: 0.121972 0.255282 0.069432 0.042641 0.510672 
Data[525]: 0.122465 0.260704 0.069877 0.042966 0.503989 
Data[526]: 0.122902 0.266143 0.070289 0.043271 0.497395 
Data[527]: 0.123284 0.271603 0.070671 0.043558 0.490885 
Data[528]: 0.123613 0.277083 0.071022 0.043826 0.484456 
Data[529]: 0.123890 0.282586 0.071343 0.044076 0.478105 
Data[530]: 0.124117 0.288113 0.071634 0.044308 0.471828 
Data[531]: 0.124293 0.293667 0.071897 0.044522 0.465622 
Data[532]: 0.124422 0.299247 0.072130 0.044718 0.459483 
Data[533]: 0.124502 0.304857 0.072336 0.044897 0.453408 
Data[534]: 0.124535 0.310498 0.072513 0.045059 0.447395 
Data[535]: 0.124523 0.316170 0.072662 0.045203 0.441441 
Data[536]: 0.124466 0.321877 0.072785 0.045331 0.435542 
Data[537]: 0.124364 0.327619 0.072880 0.045441 0.429697 
Data[538]: 0.124218 0.333397 0.072948 0.045535 0.423902 
Data[539]: 0.124030 0.339214 0.072990 0.045612 0.418154 
Data[540]: 0.123799 0.345071 0.073005 0.045673 0.412452 
Data[541]: 0.123526 0.350969 0.072994 0.045717 0.406793 
Data[542]: 0.123213 0.356910 0.072958 0.045744 0.401175 
Data[543]: 0.122858 0.362896 0.072895 0.045755 0.395595 
Data[544]: 0.122463 0.368929 0.072807 0.045750 0.390051 
Data[545]: 0.122029 0.375008 0.072694 0.045728 0.384541 
Data[546]: 0.121555 0.381138 0.072555 0.045690 0.379063 
Data[547]: 0.121042 0.387318 0.072390 0.045636 0.373614 
Data[548]: 0.120490 0.393551 0.072201 0.045565 0.368193 
Data[549]: 0.119900 0.399838 0.071986 0.045478 0.362798 
Data[550]: 0.119272 0.406182 0.071746 0.045375 0.357426 
Data[551]: 0.118605 0.412583 0.071481 0.045255 0.352076 
Data[552]: 0.117901 0.419043 0.071191 0.045119 0.346746 
Data[553]: 0.117160 0.425565 0.070876 0.044966 0.341433 
Data[554]: 0.116381 0.432149 0.070536 0.044797 0.336137 
Data[555]: 0.115577 0.438770 0.070179 0.044618 0.330856 
Data[556]: 0.114724 0.445483 0.069789 0.044415 0.325589 
Data[557]: 0.113834 0.452265 0.069373 0.044196 0.320332 
Data[558]: 0.112892 0.459153 0.068923 0.043954 0.315078 
Data[559]: 0.111932 0.466070 0.068459 0.043703 0.309837 
Data[560]: 0.110926 0.473081 0.067964 0.043430 0.304598 
Data[561]: 0.109886 0.480159 0.067447 0.043143 0.299365 
Data[562]: 0.108810 0.487315 0.066903 0.042838 0.294134 
Data[563]: 0.107696 0.494551 0.066333 0.042516 0.288903 
Data[564]: 0.106545 0.501869 0.065738 0.042176 0.283671 
Data[565]: 0.105356 0.509273 0.065116 0.041819 0.278436 
Data[566]: 0.104130 0.516763 0.064467 0.041443 0.273197 
Data[567]: 0.102865 0.524343 0.063792 0.041049 0.267951 
Data[568]: 0.101562 0.532014 0.063090 0.040637 0.262697 
Data[569]: 0.100221 0.539780 0.062360 0.040206 0.257433 
Data[570]: 0.098840 0.547642 0.061603 0.039757 0.252158 
Data[571]: 0.097421 0.555603 0.060818 0.039288 0.246870 
Data[572]: 0.095963 0.563665 0.060006 0.038800 0.241567 
Data[573]: 0.094464 0.571832 0.059164 0.038293 0.236247 
Data[574]: 0.092925 0.580105 0.058294 0.037766 0.230909 
Data[575]: 0.091346 0.588489 0.057395 0.037218 0.225551 
Data[576]: 0.089726 0.596985 0.056466 0.036651 0.220172 
Data[577]: 0.088064 0.605597 0.055508 0.036063 0.214769 
Data[578]: 0.086360 0.614327 0.054519 0.035453 0.209341 
Data[579]: 0.084613 0.623179 0.053499 0.034823 0.203885 
Data[580]: 0.082824 0.632156 0.052449 0.034170 0.198401 
Data[581]: 0.080990 0.641262 0.051366 0.033496 0.192886 
Data[582]: 0.079112 0.650499 0.050252 0.032799 0.187338 
Data[583]: 0.077189 0.659872 0.049104 0.032080 0.181755 
Data[584]: 0.075221 0.669383 0.047924 0.031337 0.176136 
Data[585]: 0.073205 0.679037 0.046709 0.030571 0.170478 
Data[586]: 0.071143 0.688837 0.045460 0.029780 0.164780 
Data[587]: 0.069032 0.698788 0.044177 0.028965 0.159039 
Data[588]: 0.066872 0.708893 0.042857 0.028125 0.153253 
Data[589]: 0.064662 0.719157 0.041501 0.027260 0.147420 
Data[590]: 0.062402 0.729585 0.040108 0.026368 0.141538 
Data[591]: 0.060090 0.740179 0.038677 0.025450 0.135604 
Data[592]: 0.057724 0.750947 0.037208 0.024504 0.129617 
Data[593]: 0.055305 0.761891 0.035699 0.023531 0.123573 
Data[594]: 0.052831 0.773018 0.034150 0.022530 0.117471 
Data[595]: 0.050301 0.784332 0.032560 0.021499 0.111308 
Data[596]: 0.047713 0.795838 0.030927 0.020439 0.105082 
Data[597]: 0.045067 0.807543 0.029252 0.019349 0.098789 
Data[598]: 0.042360 0.819452 0.027533 0.018227 0.092427 
Data[599]: 0.039593 0.831571 0.025769 0.017074 0.085993 
Data[600]: 0.036762 0.843906 0.023959 0.015888 0.079485 
Data[601]: 0.033867 0.856464 0.022102 0.014669 0.072898 
Data[602]: 0.030906 0.869251 0.020196 0.013416 0.066232 
Data[603]: 0.027877 0.882274 0.018241 0.012127 0.059481 
Data[604]: 0.024779 0.895540 0.016235 0.010803 0.052644 
Data[605]: 0.021610 0.909056 0.014177 0.009441 0.045716 
Data[606]: 0.018367 0.922831 0.012066 0.008042 0.038694 
Data[607]: 0.015051 0.936871 0.009900 0.006604 0.031575 
Data[608]: 0.011657 0.951185 0.007678 0.005125 0.024355 
Data[609]: 0.008436 0.964728 0.005564 0.003717 0.017555 
Data[610]: 0.004635 0.980653 0.003060 0.002046 0.009605 
Data[611]: 0.004140 0.982743 0.002737 0.001832 0.008547 
Data[612]: 0.004829 0.979905 0.003196 0.002141 0.009929 
Data[613]: 0.007339 0.969506 0.004864 0.003260 0.015031 
Data[614]: 0.009630 0.960044 0.006390 0.004287 0.019649 
Data[615]: 0.012917 0.946484 0.008582 0.005762 0.026255 
Data[616]: 0.016090 0.933431 0.010704 0.007192 0.032583 
Data[617]: 0.019156 0.920857 0.012759 0.008580 0.038648 
Data[618]: 0.022120 0.908737 0.014751 0.009927 0.044465 
Data[619]: 0.024988 0.897047 0.016683 0.011236 0.050047 
Data[620]: 0.027763 0.885762 0.018558 0.012509 0.055407 
Data[621]: 0.030452 0.874864 0.020380 0.013748 0.060557 
Data[622]: 0.033058 0.864331 0.022150 0.014953 0.065508 
Data[623]: 0.035585 0.854146 0.023871 0.016128 0.070271 
Data[624]: 0.038037 0.844290 0.025546 0.017272 0.074855 
Data[625]: 0.040417 0.834749 0.027176 0.018389 0.079269 
Data[626]: 0.042730 0.825507 0.028763 0.019478 0.083522 
Data[627]: 0.044977 0.816550 0.030311 0.020541 0.087621 
Data[628]: 0.047161 0.807866 0.031819 0.021580 0.091574 
Data[629]: 0.049286 0.799440 0.033291 0.022595 0.095388 
Data[630]: 0.051354 0.791262 0.034727 0.023587 0.099070 
Data[631]: 0.053368 0.783321 0.036129 0.024558 0.102625 
Data[632]: 0.055329 0.775606 0.037498 0.025508 0.106059 
Data[633]: 0.057240 0.768108 0.038836 0.026438 0.109378 
Data[634]: 0.059103 0.760818 0.040144 0.027348 0.112587 
Data[635]: 0.060919 0.753726 0.041423 0.028240 0.115691 
Data[636]: 0.062691 0.746825 0.042674 0.029115 0.118694 
Data[637]: 0.064421 0.740108 0.043899 0.029972 0.121601 
Data[638]: 0.066109 0.733565 0.045097 0.030813 0.124415 
Data[639]: 0.067757 0.727192 0.046271 0.031639 0.127141 
Data[640]: 0.069368 0.720980 0.047422 0.032448 0.129782 
Data[641]: 0.070941 0.714925 0.048549 0.033244 0.132342 
Data[642]: 0.072480 0.709019 0.049654 0.034025 0.134823 
Data[643]: 0.073984 0.703258 0.050737 0.034792 0.137230 
Data[644]: 0.075455 0.697635 0.051800 0.035546 0.139564 
Data[645]: 0.076894 0.692147 0.052842 0.036287 0.141830 
Data[646]: 0.078303 0.686787 0.053865 0.037016 0.144028 
Data[647]: 0.079682 0.681552 0.054870 0.037733 0.146163 
Data[648]: 0.081032 0.676438 0.055856 0.038438 0.148236 
Data[649]: 0.082354 0.671439 0.056825 0.039132 0.150250 
Data[650]: 0.083649 0.666552 0.057777 0.039815 0.152207 
Data[651]: 0.084918 0.661773 0.058712 0.040488 0.154108 
Data[652]: 0.086162 0.657098 0.059632 0.041151 0.155957 
Data[653]: 0.087382 0.652525 0.060536 0.041803 0.157754 
Data[654]: 0.088578 0.648049 0.061424 0.042446 0.159502 
Data[655]: 0.089751 0.643668 0.062299 0.043080 0.161203 
Data[656]: 0.090901 0.639379 0.063159 0.043704 0.162857 
Data[657]: 0.092030 0.635177 0.064005 0.044320 0.164468 
Data[658]: 0.093138 0.631062 0.064838 0.044927 0.166035 
Data[659]: 0.094226 0.627030 0.065658 0.045526 0.167561 
Data[660]: 0.095293 0.623079 0.066465 0.046116 0.169047 
Data[661]: 0.096342 0.619205 0.067260 0.046699 0.170494 
Data[662]: 0.097372 0.615407 0.068043 0.047274 0.171903 
Data[663]: 0.098383 0.611683 0.068814 0.047842 0.173277 
Data[664]: 0.099377 0.608031 0.069574 0.048402 0.174616 
Data[665]: 0.100354 0.604447 0.070323 0.048956 0.175920 
Data[666]: 0.101314 0.600931 0.071061 0.049502 0.177192 
